WallTime = 20151.931491851807 
TAB = [ 86520.  16442.  36760.  19379.  50496.  81499.  40550.  22415.  50635.
  32600.  47757.  55233.  70622.  19650.  41517.  21054.  84175.  23508.
   4557.  40890.   1551.  50498.  47756.   7715.  15918.  97228.  59110.
  77295.  17392.  39195. 169330.  10271. 115844.  27953. 134221.  30159.
  12290.  13777.  11746.  10063.  31110. 185149.  43679.  10052.  55412.
 141333.  31167.  22805.   6431.  34865.  21968.   7249.  24455.  66938.
   9874.  10746.  81417.  39388.  84541.  15365. 157204.  39257.  20004.
  29750. 187503.  75754.  38661.  96611.   3721. 110993.  16965.  14740.
  91335.  16499.  37370.  92910.  28743.  32510.  72213.  22495.  50515.
  60618. 108482.  29483.  53444.  89065.  12499.   9566.  61539.  75667.
  62762.  32634.  29495.  75396.  44278.  25979.   9114.  28502.  71003.
  31928.   6167.  14327.  11085. 125057.  35374.  32316. 130007.  43305.
  37685.  55255.  38091.  20995.  14366.  20026.  44951.  55898.  14504.
  27765.  19578.  87129.  52657. 252989.  44895.  38935.  83804.  21050.
  73912. 119036.  20033.  50180.  46586.  56102.  45389.  77388.  67347.
  31837.  14340.  88663.  57642.  15707.  20894.  26098.  12273.  38871.
  24740.  18395. 103047.  36465.  24483.  23961.   9460.  11825.  33742.
   7299.   3905.  94501.  26103.  10490.  47311.  31603.  34374.  10456.
 103199.  65106.  53983.   4926.   8854.   4055.  62192.  31242.  17004.
  13415.  18528.  40057.   6651.  41775.  27619.  95364. 101765.  23869.
 887728.  42636. 116572.   5748.  67486.  92662.  31679.  97694.  21878.
  55018.  38916.  27857. 175987. 183852.  54318.   7304.  46545.  26487.
  10844.  16101.] 
Length = 100000000000 
dt = 8e-05 
M = 200 
beta = 5 

